0acba66f6c097a5e1425276893.jpg: 

Defect	1
Length:	244
Area:	644
[[[778 429]]

 [[895 429]]

 [[895 439]]

 [[778 439]]]

Defect	2
Length:	176
Area:	1363
[[[1212   90]]

 [[1276   90]]

 [[1276  131]]

 [[1212  131]]]

Defect	3
Length:	297
Area:	1438
[[[ 26  68]]

 [[154  68]]

 [[154  95]]

 [[ 26  95]]]

Defect	4
Length:	1827
Area:	6285
[[[ 201   45]]

 [[1060   45]]

 [[1060   78]]

 [[ 201   78]]]

Defect	5
Length:	176
Area:	595
[[[1383   40]]

 [[1466   40]]

 [[1466   51]]

 [[1383   51]]]

Defect	6
Length:	191
Area:	787
[[[1252    0]]

 [[1301    0]]

 [[1301   53]]

 [[1252   53]]]
