0b8e6ab5a6dcd22a1207558842.jpg: 

Defect	1
Length:	30
Area:	40
[[[292 956]]

 [[300 956]]

 [[300 966]]

 [[292 966]]]

Defect	2
Length:	42
Area:	108
[[[676 797]]

 [[689 797]]

 [[689 807]]

 [[676 807]]]

Defect	3
Length:	134
Area:	1044
[[[694 748]]

 [[724 748]]

 [[724 788]]

 [[694 788]]]

Defect	4
Length:	41
Area:	53
[[[808 610]]

 [[818 610]]

 [[818 623]]

 [[808 623]]]

Defect	5
Length:	128
Area:	459
[[[284 481]]

 [[337 481]]

 [[337 496]]

 [[284 496]]]

Defect	6
Length:	144
Area:	850
[[[694 467]]

 [[721 467]]

 [[721 516]]

 [[694 516]]]

Defect	7
Length:	228
Area:	1455
[[[811 446]]

 [[871 446]]

 [[871 506]]

 [[811 506]]]

Defect	8
Length:	232
Area:	1310
[[[640 356]]

 [[712 356]]

 [[712 406]]

 [[640 406]]]

Defect	9
Length:	57
Area:	186
[[[587 327]]

 [[607 327]]

 [[607 338]]

 [[587 338]]]

Defect	10
Length:	36
Area:	68
[[[579 313]]

 [[588 313]]

 [[588 325]]

 [[579 325]]]

Defect	11
Length:	187
Area:	569
[[[895 303]]

 [[982 303]]

 [[982 314]]

 [[895 314]]]

Defect	12
Length:	46
Area:	87
[[[483 238]]

 [[494 238]]

 [[494 253]]

 [[483 253]]]
